40.97601079672004
32.50549105821152
27.524610493605138
25.296964645385742
27.03216132773622
26.402993051175077
25.875891114571452
27.665712089020744
26.149808933124735
24.127097487989055
26.593077514459207
26.39788417039414
25.471110828834025
26.767831802368164
25.628367141241956
24.212035442369555
25.29730130854696
23.630845954515276
25.35086512216183
23.918159251838787
24.4842980265483
26.467678622422714
25.019044387972208
24.641198369712313
23.90176978428442
27.821634439321663
24.325476499125276
23.92878144035512
23.787128863501305
25.432720236109393
24.2605772480755
22.93032876614532
23.427397135548553
23.75963854034562
22.789600462628595
26.137013198024007
23.49573262030807
23.643192291259766
23.179775345553942
23.42182933582979
23.685377374711408
25.346601762383234
23.837095884217753
21.655085403994736
23.24280426386647
22.674479260164148
23.210030743879557
22.86629169343284
22.536335894596483
24.684082911564754
22.630490243905292
23.542116907387296
22.862219872845603
23.452472458058352
22.97860572625712
20.46418764796192
22.782246046700635
19.796340536747582
22.56566109168086
23.09618205074811
22.12947973834084
21.1081436726842
21.593773922495537
23.48919644938335
22.79288424069341
17.0379461141733
21.99826839838383
22.441669852485486
22.22314539783568
20.55330859050492
22.586093597240083
18.949337816885695
21.50783735789199
24.183055161350993
21.264766050164567
21.80996211297911
22.276655119731434
20.679970711065092
20.86594888457048
22.385593025932483
21.810103271295144
17.663328585042134
21.26868608167233
20.79802640854503
21.929780708493617
21.984197219572454
22.075607785780775
19.135079241446242
21.663919872468863
21.03823901733122
21.555050715518508
20.55390997925495
20.915133230043775
20.87117775964521
21.445933626899592
19.20867577721091
21.558615911369795
20.176953471084527
20.927498145463638
19.638428554275997
22.007267757359863
17.22965223217442
20.900495957091803
18.99590411553016
20.977994716691594
19.711295736321496
21.24243283191152
18.197251315569986
19.74015321914346
22.546845561238975
20.38026801091036
20.491122215581694
20.342267340710627
19.424647180203397
20.431417837218206
21.012557146236368
19.632677001910118
21.991975680735315
20.670854961993058
17.305696599623737
20.574083687353294
17.807214408978076
20.385787847749008
17.510648291574885
20.570743805929396
17.64352332412927
20.865323663429855
16.12356213530804
20.034825973338716
18.93748584591965
19.557336796499293
17.450442784512205
20.024442896364505
18.151928998765904
19.784127309599214
19.681349732757155
20.039145064327062
17.9703317659473
19.737931655789176
20.204331203823177
18.903934999141242
20.600772313942198
19.00964398690517
21.57425937393672
19.187891034424105
20.131454044877135
20.29103378459324
15.434513609873223
19.856745923116485
19.401197636289293
18.646595304418174
19.785503844869623
18.58003652996248
18.694124394412494
19.114405321295393
18.022319193878864
18.73208584833844
20.133862400486457
19.575806631714006
17.478747691504015
19.564105873580985
18.14398516572978
18.485294342041016
20.14953359974995
18.63355434572549
18.995782705453728
19.528270671977804
18.01092553462378
19.72601658757671
15.363039689905504
19.40450408789324
16.144722092744992
18.5553455632327
21.21093693901511
19.1174189740668
15.53583389385793
19.436164006574042
15.9061181383435
18.584838475826224
18.68272253183218
19.57514075415782
13.393704302170697
17.726870684102263
18.382424203518827
18.319622336541382
17.377820006323077
18.975991644746422
15.509470758394958
18.100740102662577
16.491795967067528
18.092522396444604
19.83361557490146
17.696337403143676
15.985754410066216
18.199770064069025
17.044330014362593
18.744719431123443
15.071550011095418
18.48807690458072
15.015524333418764
18.180238691499834
16.55392150533685
19.099113984736945
13.902440826277926
18.041649304489944
17.225918446191297
18.505703817494425
15.594838591182933
17.93887686702552
17.143775378956516
18.36518793310361
17.72465409412643
18.79214189178914
15.759305147024302
18.565111669908113
14.714070945843313
17.78927415333848
17.861352704768805
18.66118096283888
12.947646020224731
18.606678692840266
13.739423971909742
18.50652998544721
15.616324584408583
17.365564816162042
16.313429517443904
17.20967232791251
13.748888222879954
16.915529624182046
16.59473599567672
17.353079945285803
14.160753509038175
16.783714883625844
17.22644978950466
17.86715930908616
12.833005313959596
16.586086974203116
17.576764706572796
17.84903306971811
15.1707961138557
17.03961018752622
17.250710370853476
17.413507628198943
15.655084303601296
17.132455133397254
15.371207120731405
17.598145724686855
14.322575698610883
17.900678260484973
13.391414262590365
16.7609402227563
15.816659599407766
16.422541704360636
16.43761306434735
16.78503035531372
14.227504324589379
16.225800429820477
19.114974682147686
16.75459640485727
13.889721766855923
17.810436347694782
12.273469730739679
16.786286720697344
14.294116007256832
16.10094721233966
15.429193492388833
16.27170483396717
14.96602866228889
17.45767776484957
14.878223522755894
17.50059818495758
12.44249730520119
17.252254903249298
13.394324350141293
16.05515937633149
16.343194098494173
17.104386036129924
13.513439773973836
16.41586691631674
14.428305069245903
16.608365948063142
13.178396026473239
16.76976904928214
14.306034847622003
17.1166044985697
10.861965792211473
16.28401914336367
14.11769533373112
16.747870740922757
16.01436934320096
15.283504113000571
15.414939077731171
15.567782588042697
19.058465275829196
16.179008782783516
14.998479528125054
16.530978197443982
15.122711824615617
15.519201809819682
15.253264742199653
